R = [0.9129 0.1695 0.3714; ...
     -0.3651 0.7459 0.5571; ...
     0.1826 0.6442 -0.7428]